A=zeros(15);
A(1,2)=1; A(1,3)=1; A(1,6)=1; A(1,15)=1;
A(2,1)=1; A(2,4)=1; A(2,7)=1; A(2,9)=1;
A(3,1)=1; A(3,4)=1; A(3,12)=1; A(3,14)=1; 
MeshGraph